[gd_scene load_steps=8 format=3 uid="uid://b6vyfg3hxcxei"]

[ext_resource type="Texture2D" uid="uid://bkaklfsnldfst" path="res://Textures/post_example1.webp" id="1_quk44"]
[ext_resource type="Shader" path="res://Hex.gdshader" id="2_a7t21"]
[ext_resource type="Texture2D" uid="uid://bi1m5slxlo252" path="res://Textures/ASCII_Gradient_with_BG.png" id="3_o5lid"]

[sub_resource type="ShaderMaterial" id="ShaderMaterial_xn62f"]
shader = ExtResource("2_a7t21")
shader_parameter/size = Vector2(32, 28)
shader_parameter/colorA = Vector3(198, 60, 81)
shader_parameter/colorB = Vector3(64, 83, 76)
shader_parameter/ASCII_texture = ExtResource("3_o5lid")

[sub_resource type="TorusMesh" id="TorusMesh_wy3dk"]

[sub_resource type="SphereMesh" id="SphereMesh_h62st"]

[sub_resource type="PrismMesh" id="PrismMesh_ea0nw"]

[node name="Node3D" type="Node3D"]

[node name="PostExample1" type="Sprite2D" parent="."]
visible = false
position = Vector2(563, 322)
scale = Vector2(1.15739, 1.15739)
texture = ExtResource("1_quk44")

[node name="CanvasLayer" type="CanvasLayer" parent="."]

[node name="ColorRect" type="ColorRect" parent="CanvasLayer"]
material = SubResource("ShaderMaterial_xn62f")
anchors_preset = 15
anchor_right = 1.0
anchor_bottom = 1.0
grow_horizontal = 2
grow_vertical = 2
size_flags_horizontal = 3
size_flags_vertical = 3

[node name="Camera3D" type="Camera3D" parent="."]
transform = Transform3D(1, 0, 0, 0, 0.885126, 0.465352, 0, -0.465352, 0.885126, -1.19209e-07, 1.75266, 2.78746)

[node name="DirectionalLight3D" type="DirectionalLight3D" parent="."]
transform = Transform3D(0.0581824, 0.187645, 0.980512, 0.997423, 0.0303643, -0.0649968, -0.0419689, 0.981767, -0.185395, 0, 0, 0)

[node name="DirectionalLight3D2" type="DirectionalLight3D" parent="."]
transform = Transform3D(0.941447, -0.0561309, -0.332455, -0.0344241, 0.964889, -0.260392, 0.335398, 0.25659, 0.90646, 0, 0, 0)

[node name="MeshInstance3D" type="MeshInstance3D" parent="."]
mesh = SubResource("TorusMesh_wy3dk")

[node name="MeshInstance3D2" type="MeshInstance3D" parent="."]
transform = Transform3D(1, 0, 0, 0, 1, 0, 0, 0, 1, 2.12201, 0, 0)
mesh = SubResource("SphereMesh_h62st")

[node name="MeshInstance3D3" type="MeshInstance3D" parent="."]
transform = Transform3D(0.673851, -0.25406, 0.693815, 0.620032, 0.705151, -0.34398, -0.401852, 0.661979, 0.632692, -2.37799, 0, 0)
mesh = SubResource("PrismMesh_ea0nw")

[node name="OmniLight3D" type="OmniLight3D" parent="."]
transform = Transform3D(1, 0, 0, 0, 1, 0, 0, 0, 1, 0, 1.29029, 1.34595)
